Begin
ech : 2,4,6,7
ki_nhong : 2,4,6,8
ran : 2,4,5,10,12
ca_sau : 2,4,5,10,11
rua : 2,4,5,9
ca_map : 2,3,38
ca : 2,3,37
chuot_chui : 1,13,16,24,42,56,58
kanguru : 1,13,16,24,42,56,57
khong_biet : 1,13,16,24,42,55,40
tho : 1,13,16,24,42,55,39
ca_heo : 1,13,16,24,41,60
ca_voi : 1,13,16,24,41,59
ngua : 1,13,16,23,26,52
te_giac : 1,13,16,23,26,51
lac_da : 1,13,16,23,25,28,53
huou_cao_co : 1,13,16,23,25,28,54
huou_nai : 1,13,16,23,25,27,30,32,50
bo : 1,13,16,23,25,27,30,32,49
cuu : 1,13,16,23,25,27,30,31
ha_ma : 1,13,16,23,25,27,29
soi-cho : 1, 13, 15, 18,22,46,48 
meo : 1, 13, 15, 18,22,46,47
hai_tuong : 1,13,15,18,22,45,44
ho-gau-su_tu : 1,13,15,18,22,45,43
babon : 1,13,15,18,21,20,36,34
duoi_uoi-khi dot : 1,13,15,18,21,20,36,33
nguoi : 1,13,15,18,21,20,35
khi : 1,13,15,18,21,19
doi : 1,13,15,17
chim : 1,14
End

